2 0.110447 0.801391 0.220895 0.14544 0.908297
2 0.736247 0.80114 0.225748 0.114071 0.896411
2 0.807587 0.772332 0.141251 0.116611 0.751563
0 0.909131 0.753009 0.0250658 0.108501 0.683796
0 0.480351 0.761829 0.0314476 0.0930304 0.668036
2 0.362471 0.744368 0.0497374 0.082135 0.625393
2 0.671294 0.729053 0.0545082 0.0625487 0.608851
2 0.976305 0.838166 0.0465855 0.0778911 0.54439
0 0.555721 0.763101 0.0243532 0.100338 0.520825
0 0.260107 0.722199 0.0220703 0.0885387 0.511382
0 0.887913 0.748637 0.0248054 0.0899069 0.485013
0 0.589391 0.761434 0.0331818 0.0987404 0.422016
0 0.444907 0.754181 0.0269323 0.0952775 0.402302
0 0.206303 0.735658 0.0178053 0.0676178 0.398509
2 0.829607 0.769998 0.0958106 0.111997 0.315677
0 0.221323 0.745809 0.019231 0.091105 0.305786
0 0.221735 0.750983 0.0269171 0.101117 0.287501
0 0.127034 0.715637 0.0148296 0.027785 0.286635
0 0.324624 0.751201 0.0273802 0.0934077 0.283538
0 0.331071 0.755454 0.0393092 0.0900672 0.281208
0 0.277772 0.749006 0.0236431 0.0805535 0.275974
0 0.181988 0.719475 0.019175 0.042701 0.260045
7 0.625323 0.692769 0.0687221 0.0877479 0.256067
2 0.505088 0.690988 0.0280722 0.0366765 0.254926
