2 0.110447 0.801391 0.220895 0.14544
2 0.736247 0.80114 0.225748 0.114071
2 0.807587 0.772332 0.141251 0.116611
0 0.909131 0.753009 0.0250658 0.108501
0 0.480351 0.761829 0.0314476 0.0930304
2 0.362471 0.744368 0.0497374 0.082135
2 0.671294 0.729053 0.0545082 0.0625487
2 0.976305 0.838166 0.0465855 0.0778911
0 0.555721 0.763101 0.0243532 0.100338
0 0.260107 0.722199 0.0220703 0.0885387
0 0.887913 0.748637 0.0248054 0.0899069
0 0.589391 0.761434 0.0331818 0.0987404
0 0.444907 0.754181 0.0269323 0.0952775
0 0.206303 0.735658 0.0178053 0.0676178
2 0.829607 0.769998 0.0958106 0.111997
0 0.221323 0.745809 0.019231 0.091105
0 0.221735 0.750983 0.0269171 0.101117
0 0.127034 0.715637 0.0148296 0.027785
0 0.324624 0.751201 0.0273802 0.0934077
0 0.331071 0.755454 0.0393092 0.0900672
0 0.277772 0.749006 0.0236431 0.0805535
0 0.181988 0.719475 0.019175 0.042701
7 0.625323 0.692769 0.0687221 0.0877479
2 0.505088 0.690988 0.0280722 0.0366765
